================================================================================
BAYESIAN OPTIMIZATION RESULTS — DQN HYPERPARAMETERS
================================================================================

Date:              2026-04-23
Total trials:      47
Best trial:        #42
Best mean perf:    0.893729

BEST HYPERPARAMETERS
--------------------------------------------------------------------------------
  learning_rate             = 0.0015083436603048935
  discount_factor           = 0.9634244388615337
  epsilon_initial           = 0.9627337198502147
  epsilon_min               = 0.06914686776995618
  num_episodes              = 40000
  hidden_layer_size         = 64
  num_hidden_layers         = 2
  batch_size                = 128
  buffer_size               = 20000
  target_sync_freq          = 1000
  max_grad_norm             = 3.9528553802652735
  use_pbrs                  = True
  penalty_coeff             = 0.02258267089059471
  warmup_ratio              = 0.2779025551585237
  target_ratio              = 0.6290206520891799
  learning_starts_frac      = 0.16154748671160965
  hidden_units              = [64, 64]

CONFIG.PY SNIPPET (copy-paste into pes_dqn/config/CONFIG.py)
--------------------------------------------------------------------------------
# Best hyperparameters from Bayesian Optimisation trial #42 (2026-04-23).
# Performance: mean_perf = 0.893729 over 64 fixed sequences.
DQN_HIDDEN_UNITS = [64, 64]
DQN_LEARNING_RATE = 0.0015083436603048935
DQN_BATCH_SIZE = 128
DQN_REPLAY_BUFFER_SIZE = 20000
DQN_TARGET_SYNC_FREQ = 1000
DQN_DISCOUNT = 0.9634244388615337
DQN_EPSILON_INITIAL = 0.9627337198502147
DQN_EPSILON_MIN = 0.06914686776995618
DQN_EPISODES = 175000  # full retrain length
DQN_MAX_GRAD_NORM = 3.9528553802652735
DQN_PENALTY_COEFF = 0.02258267089059471
DQN_WARMUP_RATIO = 0.2779025551585237
DQN_TARGET_RATIO = 0.6290206520891799
DQN_LEARNING_STARTS_FRAC = 0.16154748671160965

BEST TRIAL STATISTICS
--------------------------------------------------------------------------------
  Mean performance:   0.893729
  Std  performance:   0.055170
  Min  performance:   0.720886
  Max  performance:   0.983051

ALL TRIALS
----------------------------------------------------------------------------------------------------
   #   mean_perf          lr     gamma    eps0  eps_min  episodes  batch  buf_sz   sync
----------------------------------------------------------------------------------------------------
  42    0.893729    0.001508    0.9634   0.963   0.0691     40000    128   20000   1000
  12    0.889067    0.004662    0.9275   0.901   0.0887     80000     32   40000   3000
  41    0.881750    0.001520    0.9637   0.960   0.0714     40000    128   20000   1000
  35    0.881369    0.004030    0.9613   0.933   0.0472     80000     64   40000   3500
  23    0.873600    0.003446    0.9608   0.903   0.0326    100000    256   30000   4000
   4    0.873197    0.001335    0.9434   0.904   0.1139     40000     32   40000   2000
  20    0.873197    0.002716    0.9492   0.924   0.0142    100000    256   30000   3500
   1    0.870342    0.004253    0.9308   0.890   0.1371    100000     64   40000   1000
  25    0.869140    0.003396    0.9459   0.880   0.1075    100000    256   20000   4000
   3    0.868684    0.000419    0.9542   0.957   0.0479     80000     64   20000   3500
  37    0.868096    0.000590    0.9601   0.934   0.0520     80000     64   40000   1000
   2    0.866394    0.000433    0.9913   0.946   0.1237     40000     64   30000   1000
  21    0.866394    0.000577    0.9345   0.827   0.0698     40000     32   70000   2000
  30    0.866032    0.004908    0.9262   0.893   0.1348    100000     64   20000   4500
   7    0.863029    0.002360    0.9675   0.974   0.1627     40000    256   90000    500
  19    0.861326    0.001211    0.9402   0.861   0.1066     80000     32   50000   5000
   5    0.857961    0.000134    0.9940   0.954   0.0478     40000    128   40000    500
   6    0.857961    0.000160    0.9735   0.952   0.1166    100000     64  100000   1500
   8    0.857961    0.000761    0.9727   0.873   0.1946    100000     32  100000   1500
   9    0.857961    0.000253    0.9746   0.874   0.1301     80000    128   60000   1500
  10    0.857961    0.000380    0.9285   0.985   0.1767     60000    128   50000   2000
  11    0.857961    0.001379    0.9473   0.802   0.0759     60000     32   80000   5000
  13    0.857961    0.003994    0.9414   0.913   0.0843     60000     32   70000   3000
  14    0.857961    0.001438    0.9208   0.832   0.0892     80000     32   20000   4000
  15    0.857961    0.002121    0.9403   0.915   0.0171     60000     32   50000   2500
  16    0.857961    0.000880    0.9324   0.930   0.0604     80000    256   40000   2500
  17    0.857961    0.002549    0.9209   0.846   0.0973     40000     32   60000   4000
  18    0.857961    0.004799    0.9591   0.893   0.1484     60000     32   30000   3000
  22    0.857961    0.002728    0.9529   0.922   0.0120    100000    256   30000   3500
  24    0.857961    0.001716    0.9655   0.901   0.0348     80000    256   40000   4500
  26    0.857961    0.001049    0.9840   0.905   0.0352     80000     32   50000   3000
  27    0.857961    0.001840    0.9629   0.939   0.1516     60000    256   60000   2000
  28    0.857961    0.003351    0.9277   0.853   0.0637    100000    128   30000   4500
  29    0.857961    0.003458    0.9368   0.882   0.0947     80000     32   40000   2500
  31    0.857961    0.001856    0.9568   0.907   0.0285    100000    256   50000   3500
  32    0.857961    0.002673    0.9486   0.927   0.0245    100000    256   30000   3500
  34    0.857961    0.002949    0.9444   0.966   0.1149    100000    256   40000   4000
  38    0.857961    0.004143    0.9542   0.888   0.0794     40000     64   20000   3500
  39    0.857961    0.002152    0.9707   0.951   0.1241     60000     64   50000   2000
  40    0.857961    0.003209    0.9681   0.915   0.0457     80000     64   60000   3000
  43    0.857961    0.000927    0.9638   0.972   0.0670     40000    128   20000   1000
  44    0.857961    0.001624    0.9782   0.963   0.0762     40000    128   20000    500
  36    0.851389    0.004872    0.9785   0.999   0.0572     80000     64   40000   2500
  33    0.011497    0.003722    0.9506   0.942   0.0429    100000    256   30000   3000
