================================================================================
BAYESIAN OPTIMIZATION RESULTS — Q-LEARNING HYPERPARAMETERS
================================================================================

Date:              2026-04-22
Total trials:      100
Best trial:        #64
Best mean perf:    0.886640

BEST HYPERPARAMETERS
--------------------------------------------------------------------------------
  learning_rate             = 0.28623151195196195
  discount_factor           = 0.8587190337561512
  epsilon_initial           = 0.6812833152351926
  epsilon_min               = 0.04373663936542156
  num_episodes              = 550000

BEST TRIAL STATISTICS
--------------------------------------------------------------------------------
  Mean performance:   0.886640
  Std  performance:   0.060781
  Min  performance:   0.681187
  Max  performance:   1.000000

ALL TRIALS
--------------------------------------------------------------------------------
   #   mean_perf          lr     gamma    eps0  eps_min  episodes
--------------------------------------------------------------------------------
  64    0.886640     0.28623    0.8587   0.681   0.0437    550000
  22    0.885295     0.25804    0.8820   0.765   0.0922    500000
  72    0.880481     0.24454    0.8866   0.682   0.0250    500000
  63    0.877667     0.36180    0.8596   0.680   0.0633    500000
  91    0.873780     0.08545    0.8990   0.507   0.1011    500000
   2    0.873152     0.06916    0.8587   0.933   0.0942   1000000
   4    0.872487     0.07322    0.8953   0.762   0.0705    700000
  96    0.870804     0.07701    0.8748   0.511   0.1082    500000
  32    0.869121     0.32106    0.8766   0.751   0.0924    500000
   6    0.868667     0.25589    0.8798   0.757   0.0929    500000
   3    0.867931     0.05219    0.9945   0.916   0.0397    600000
  33    0.865817     0.34242    0.8569   0.691   0.0775    500000
  73    0.863359     0.24628    0.8914   0.581   0.0277    500000
  45    0.861669     0.07177    0.8549   0.566   0.1159    500000
  79    0.855750     0.22514    0.8735   0.524   0.0874    500000
   1    0.854920     0.10895    0.9917   0.866   0.0938    600000
  78    0.851116     0.30769    0.8976   0.660   0.0169    550000
  44    0.850553     0.28310    0.8802   0.696   0.0900    550000
   5    0.850480     0.17845    0.8708   0.646   0.0613    800000
