================================================================================
BAYESIAN OPTIMIZATION RESULTS — Q-LEARNING HYPERPARAMETERS
================================================================================

Date:              2026-04-21
Total trials:      100  (Completed: 14 | Pruned: 86 | Failed: 0)
Best trial:        #3 (0-indexed; matches best_params.json)
Best mean perf:    0.896344

BEST HYPERPARAMETERS
--------------------------------------------------------------------------------
  learning_rate             = 0.11320391141177716
  discount_factor           = 0.9777324201779083
  epsilon_initial           = 0.5998368910791798
  epsilon_min               = 0.032676417657817626
  num_episodes              = 360000
  warmup_ratio              = 0.026038553653599705
  target_ratio              = 0.6430179407605754
  penalty_coeff             = 0.0003916814960230879

BEST TRIAL STATISTICS
--------------------------------------------------------------------------------
  Mean performance:   0.896344
  Std  performance:   0.047708
  Min  performance:   0.776788
  Max  performance:   1.000000

ALL COMPLETED TRIALS (sorted by mean_perf)
--------------------------------------------------------------------------------
   #   mean_perf          lr     gamma    eps0  eps_min  episodes  warmup  target      beta
----------------------------------------------------------------------------------------------------
   3    0.896344     0.11320    0.9777   0.600   0.0327    360000   0.026   0.643   0.00039
   0    0.887812     0.09782    0.9941   0.866   0.0397    200000   0.040   0.423   0.10275
  73    0.885346     0.14737    0.9726   0.528   0.0194    200000   0.137   0.616   0.00083
  22    0.884294     0.24007    0.9616   0.512   0.0158    260000   0.050   0.718   0.00070
  67    0.879962     0.17198    0.9635   0.551   0.0164    150000   0.146   0.663   0.00512
  25    0.878580     0.18423    0.9796   0.561   0.0240    220000   0.106   0.748   0.00354
  10    0.878388     0.12223    0.9685   0.565   0.0320    290000   0.034   0.752   0.00025
   2    0.873107     0.08624    0.9520   0.716   0.0196    370000   0.038   0.517   0.00188
  81    0.872724     0.21499    0.9793   0.575   0.0265    160000   0.147   0.658   0.01123
   1    0.872637     0.14680    0.9701   0.510   0.0933    440000   0.048   0.473   0.00043
  24    0.871490     0.19316    0.9479   0.556   0.0226    170000   0.038   0.635   0.00361
  59    0.868620     0.14637    0.9618   0.532   0.0160    230000   0.064   0.740   0.00030
  19    0.860974     0.15893    0.9713   0.518   0.0402    310000   0.034   0.468   0.09016
   4    0.757988     0.05618    0.9939   0.983   0.0643    250000   0.033   0.674   0.00339

PRUNED TRIALS (86 total) — aborted by MedianPruner
--------------------------------------------------------------------------------
Trial numbers: 5, 6, 7, 8, 9, 11, 12, 13, 14, 15, 16, 17, 18, 20, 21, 23, 26, 27, 28, 29, 30, 31, 32, 33, 34, 35, 36, 37, 38, 39, 40, 41, 42, 43, 44, 45, 46, 47, 48, 49, 50, 51, 52, 53, 54, 55, 56, 57, 58, 60, 61, 62, 63, 64, 65, 66, 68, 69, 70, 71, 72, 74, 75, 76, 77, 78, 79, 80, 82, 83, 84, 85, 86, 87, 88, 89, 90, 91, 92, 93, 94, 95, 96, 97, 98, 99
